8.0705678583084968e+00
-2.1293365230120778e-07, 7.8073207771162054e-06
-8.0403834670603142e-07, 3.8449951151225785e-05
-2.0719510902004534e-06, 1.0452772633744785e-04
-4.8150214474517371e-06, 2.3254874901577736e-04
-1.0789855052292031e-05, 4.7386277132303325e-04
-2.3824885750562642e-05, 9.2526219888948663e-04
-5.2261491806837422e-05, 1.7678099772001643e-03
-1.1427771110332723e-04, 3.3394792159075096e-03
-2.4949445667980352e-04, 6.2707688359231453e-03
-5.4428464474901982e-04, 1.1737789805629038e-02
-1.1869943601906733e-03, 2.1934680851872841e-02
-2.5885532554058770e-03, 4.0956045861770055e-02
-5.6464120585344967e-03, 7.6447562435776259e-02
-1.2324198302802845e-02, 1.4270147690808024e-01
-2.6933181846236550e-02, 2.6648975884662368e-01
-5.8999742315609990e-02, 4.9815377868478838e-01
-1.2982353026216747e-01, 9.3302964976768321e-01
-2.8806563258572254e-01, 1.7540495007751018e+00
-6.4929868507666477e-01, 3.3207645490520901e+00
-1.5074035249537683e+00, 6.3712320805735398e+00
-3.7016390853853460e+00, 1.2541541394834988e+01
-1.0133808872847245e+01, 2.5974074691081199e+01
-3.4565584169808531e+01, 5.9841977121229419e+01
-1.9360515076797165e+02, 1.7770034492891548e+02
-5.1876711693167081e+03, 1.2453926740033487e+03
1.2390701838539391e-01
6.2890830470105284e-05, 4.0147979865076321e-06
1.1528369000940618e-04, 2.8137255456651612e-05
1.8149285679487041e-04, 8.3553389117991061e-05
2.8243599353314442e-04, 1.9249963894640168e-04
4.4250659082685934e-04, 3.9867507849227862e-04
6.9824877027025876e-04, 7.8477756527586730e-04
1.1071229626287901e-03, 1.5056773601811811e-03
1.7604968842112776e-03, 2.8505466908377085e-03
2.8040775990576358e-03, 5.3588865061736891e-03
4.4704450419268231e-03, 1.0037061272928333e-02
7.1310604660021065e-03, 1.8762447088549156e-02
1.1379658916940132e-02, 3.5038179760540959e-02
1.8166563747670610e-02, 6.5404309054333948e-02
2.9016736524858321e-02, 1.2208209788795048e-01
4.6388840682424853e-02, 2.2794952129759788e-01
7.4281545189527565e-02, 4.2597457296450936e-01
1.1930175195987004e-01, 7.9735039368006466e-01
1.9267774136493149e-01, 1.4972394426599962e+00
3.1444025838624601e-01, 2.8283582876474878e+00
5.2327343881246591e-01, 5.4038736327941148e+00
9.0352033987249369e-01, 1.0551578014959716e+01
1.6741629016100252e+00, 2.1500868188548171e+01
3.5656933820545236e+00, 4.7834198400704260e+01
1.0226162281360333e+01, 1.3003917691168772e+02
6.5685235245308235e+01, 6.4042456339892476e+02
