7.1276380509775791e+01
-2.0879703342431707e-08, 1.0032174381543456e-05
-1.0518613591954864e-07, 4.4154489075913216e-05
-3.3848455982662212e-07, 1.1605984127900887e-04
-9.5127372291841577e-07, 2.5460313591450041e-04
-2.5367158963931735e-06, 5.1538082146520637e-04
-6.6098136722093224e-06, 1.0030425680063026e-03
-1.7033820025698354e-05, 1.9132912397939088e-03
-4.3655176507815933e-05, 3.6114348460982884e-03
-1.1156590151840853e-04, 6.7790459192288701e-03
-2.8471048269006303e-04, 1.2687697689363443e-02
-7.2607987398415515e-04, 2.3710030616560018e-02
-1.8513313766608586e-03, 4.4274649811423976e-02
-4.7214816787357590e-03, 8.2652973686809419e-02
-1.2049800440441029e-02, 1.5431226833405393e-01
-3.0798197062275330e-02, 2.8824045100514056e-01
-7.8942414202222699e-02, 5.3899117153839593e-01
-2.0343782388524512e-01, 1.0100248337561601e+00
-5.2958386232293153e-01, 1.9003598627008123e+00
-1.4049616755206658e+00, 3.6029088566488348e+00
-3.8629181798840939e+00, 6.9305886157074115e+00
-1.1370100141709409e+01, 1.3710360603115495e+01
-3.8224928592729306e+01, 2.8678456171286165e+01
-1.6884088393361799e+02, 6.7536389972011364e+01
-1.4122230218057130e+03, 2.1281253031166437e+02
-1.1847157085451428e+05, 2.0423910581624734e+03
1.4029893112527602e-02
2.0082665206973740e-03, 2.4481109922692620e-06
2.2049253891109248e-03, 2.3494857152807170e-05
2.6175014698972005e-03, 7.4034161465724122e-05
3.2863979263896598e-03, 1.7434690243215285e-04
4.2771210017854598e-03, 3.6468770915214422e-04
5.6866993733971178e-03, 7.2143944435946680e-04
7.6531976277061167e-03, 1.3877675508701707e-03
1.0369266741231549e-02, 2.6310806169595404e-03
1.4101087249905716e-02, 4.9503733303324889e-03
1.9214633387257044e-02, 9.2765897922389567e-03
2.6212016843587808e-02, 1.7346628422777583e-02
3.5781945189538013e-02, 3.2401830742167834e-02
4.8870450727545971e-02, 6.0493891229444659e-02
6.6781918951635752e-02, 1.1293144093281739e-01
9.1328257467655521e-02, 2.1088121229619181e-01
1.2506126449871158e-01, 3.9408252958231205e-01
1.7166404030303348e-01, 7.3756691717007294e-01
2.3667979386561533e-01, 1.3844912654043549e+00
3.2902954006010565e-01, 2.6132979109539947e+00
4.6455323689671463e-01, 4.9848333056674257e+00
6.7530556061270686e-01, 9.7015639537870406e+00
1.0376789468148879e+00, 1.9638406974213691e+01
1.7768874518813063e+00, 4.3081223831591821e+01
3.8149932678433798e+00, 1.1323876925409965e+02
1.4669630704845510e+01, 4.9839644027706265e+02
