5.6498385400480871e+00
-1.5048280900635180e-06, 3.5185625599364660e-05
-9.4742158074138799e-06, 2.2542179339218258e-04
-4.8381491936974022e-05, 9.2254633714563801e-04
-2.3914882558183337e-04, 3.4113731261431065e-03
-1.1736612253436826e-03, 1.2279519127529441e-02
-5.7518553830005889e-03, 4.3882426976824672e-02
-2.8224764965678467e-02, 1.5661846452865200e-01
-1.3937616807744102e-01, 5.6025625272535784e-01
-7.0425716209846612e-01, 2.0245150863303447e+00
-3.8663459742930737e+00, 7.5937597706543736e+00
-2.8914380530992560e+01, 3.2877905381537445e+01
-8.6183803495075233e+02, 2.8696077476772416e+02
1.7699620846005429e-01
1.9679229359758019e-04, 1.7423984180580676e-05
5.0295961278630020e-04, 1.5207781462890107e-04
1.2607080000709109e-03, 6.5843536680238422e-04
3.2308495942848028e-03, 2.4697272120915875e-03
8.3491564484584387e-03, 8.9244876352161696e-03
2.1635747962193641e-02, 3.1924715997233483e-02
5.6163502518072006e-02, 1.1394082653269423e-01
1.4635499198455759e-01, 4.0718206861948747e-01
3.8640016923667797e-01, 1.4656854630419729e+00
1.0688835220783639e+00, 5.4197819650664059e+00
3.5057341170825365e+00, 2.2180641564239263e+01
2.2855137495681181e+01, 1.4210348444366682e+02
