3.4939402210660624e+01
-2.2595570037573332e-07, 4.6173174534437053e-05
-2.1018567078755487e-06, 2.6997165953746358e-04
-1.5112731454261532e-05, 1.0847426483492867e-03
-1.0349689952587547e-04, 3.9954125694289262e-03
-7.0043086782883921e-04, 1.4379118206005792e-02
-4.7280433573365244e-03, 5.1430954343411557e-02
-3.1962336099782780e-02, 1.8380164743730432e-01
-2.1785728710770608e-01, 6.5876654137294566e-01
-1.5306511467067245e+00, 2.3897526772383735e+00
-1.2005797909776804e+01, 9.0644346317094904e+00
-1.4305376570066056e+02, 4.0950110843585144e+01
-1.3769554972593129e+04, 4.7842097030875186e+02
2.8620981949567598e-02
4.2538727207099072e-03, 1.0451046902842116e-05
6.0321777917329436e-03, 1.2209979160003308e-04
1.0332242440400194e-02, 5.5160638287454170e-04
1.8952011433362850e-02, 2.0922667218341859e-03
3.5497194217913614e-02, 7.5899422420261714e-03
6.6899784187265776e-02, 2.7203238217467705e-02
1.2639133075134279e-01, 9.7217717692234806e-02
2.3954426151265940e-01, 3.4772646892294334e-01
4.5844694055900020e-01, 1.2514352180442438e+00
9.0818544302681492e-01, 4.6093882337979242e+00
2.0391621195489309e+00, 1.8520462512866683e+01
7.4942613654523527e+00, 1.0828798432022215e+02
